0.00,3165.94,8731.54,11903.45,7757.18,19878.51,18436.35,2213.47
3165.94,0.00,5625.76,8749.35,4695.51,16716.96,15274.00,1037.65
8731.54,5625.76,0.00,3280.12,1035.65,11465.75,10027.42,6659.59
11903.45,8749.35,3280.12,0.00,4315.55,8193.10,6759.32,9761.19
7757.18,4695.51,1035.65,4315.55,0.00,12500.86,11062.04,5733.14
19878.51,16716.96,11465.75,8193.10,12500.86,0.00,1445.30,17679.35
18436.35,15274.00,10027.42,6759.32,11062.04,1445.30,0.00,16238.72
2213.47,1037.65,6659.59,9761.19,5733.14,17679.35,16238.72,0.00
